20171113  22:15:00,1.16678,1.166825,1.166535,1.166595
20171113  22:20:00,1.166595,1.16675,1.1665,1.16657
20171113  22:25:00,1.16657,1.16678,1.166445,1.166605
20171113  22:30:00,1.166605,1.166755,1.166475,1.166525
20171113  22:35:00,1.166525,1.166555,1.16651,1.16652
20171113  22:40:00,1.16652,1.166555,1.16647,1.16652
20171113  22:45:00,1.16652,1.166535,1.166405,1.16647
20171113  22:50:00,1.16647,1.1667,1.16643,1.166585
20171113  22:55:00,1.166585,1.166625,1.166455,1.166465
20171113  23:00:00,1.166465,1.166565,1.166435,1.16651
20171113  23:05:00,1.16651,1.166525,1.16642,1.16647
20171113  23:10:00,1.16647,1.16648,1.166365,1.16642
20171113  23:15:00,1.16642,1.16647,1.16641,1.166455
20171113  23:20:00,1.166455,1.166485,1.1664,1.16643
20171113  23:25:00,1.16643,1.16647,1.16642,1.16643
20171113  23:30:00,1.16643,1.16643,1.16639,1.166395
20171113  23:35:00,1.166395,1.166395,1.166305,1.166315
20171113  23:40:00,1.166315,1.166345,1.16619,1.166195
20171113  23:45:00,1.166195,1.166345,1.16616,1.16634
20171113  23:50:00,1.16634,1.166415,1.16631,1.166415
20171113  23:55:00,1.166415,1.166525,1.166415,1.166475
20171114  00:00:00,1.166475,1.16656,1.16642,1.16656
20171114  00:05:00,1.16656,1.166835,1.166265,1.166835
20171114  00:10:00,1.166835,1.166975,1.166815,1.166935
20171114  00:15:00,1.166935,1.167015,1.166815,1.166915
20171114  00:20:00,1.166915,1.16692,1.16676,1.166815
20171114  00:25:00,1.166815,1.166935,1.16678,1.166935
20171114  00:30:00,1.166935,1.167195,1.166925,1.16707
20171114  00:35:00,1.16707,1.167435,1.16707,1.16738
20171114  00:40:00,1.16738,1.16749,1.16738,1.16741
20171114  00:45:00,1.16741,1.167605,1.16716,1.167195
20171114  00:50:00,1.167195,1.16741,1.167155,1.167155
20171114  00:55:00,1.167155,1.167245,1.16704,1.167115
20171114  01:00:00,1.167115,1.16727,1.167005,1.16726
20171114  01:05:00,1.16726,1.16726,1.16698,1.167035
20171114  01:10:00,1.167035,1.16733,1.167,1.167225
20171114  01:15:00,1.167225,1.16738,1.167205,1.167225
20171114  01:20:00,1.167225,1.167225,1.16688,1.167045
20171114  01:25:00,1.167045,1.16711,1.16695,1.167095
20171114  01:30:00,1.167095,1.167195,1.167,1.167145
20171114  01:35:00,1.167145,1.167215,1.16701,1.167085
20171114  01:40:00,1.167085,1.167205,1.167085,1.167195
20171114  01:45:00,1.167195,1.16726,1.16713,1.167185
20171114  01:50:00,1.167185,1.16721,1.16711,1.167115
20171114  01:55:00,1.167115,1.167115,1.16694,1.167025
20171114  02:00:00,1.167025,1.167165,1.16701,1.167015
20171114  02:05:00,1.167015,1.16704,1.16675,1.16676
20171114  02:10:00,1.16676,1.16704,1.16668,1.16697
20171114  02:15:00,1.16697,1.167175,1.16697,1.167165
20171114  02:20:00,1.167165,1.167205,1.16706,1.16715
20171114  02:25:00,1.16715,1.167205,1.1671,1.167175
20171114  02:30:00,1.167175,1.16718,1.167045,1.16709
20171114  02:35:00,1.16709,1.167195,1.167065,1.167195
20171114  02:40:00,1.167195,1.16726,1.167125,1.16714
20171114  02:45:00,1.16714,1.16726,1.16711,1.167205
20171114  02:50:00,1.167205,1.167205,1.167155,1.1672
20171114  02:55:00,1.1672,1.167215,1.16713,1.167165
20171114  03:00:00,1.167165,1.16731,1.167145,1.167265
20171114  03:05:00,1.167265,1.167335,1.16726,1.16726
20171114  03:10:00,1.16726,1.16733,1.16711,1.167265
20171114  03:15:00,1.167265,1.167325,1.16726,1.16729
20171114  03:20:00,1.16729,1.167325,1.16726,1.16726
20171114  03:25:00,1.16726,1.16726,1.167155,1.167155
20171114  03:30:00,1.167155,1.16726,1.16715,1.16721
20171114  03:35:00,1.16721,1.16721,1.167055,1.167145
20171114  03:40:00,1.167145,1.167225,1.166995,1.167225
20171114  03:45:00,1.167225,1.16727,1.1671,1.16717
20171114  03:50:00,1.16717,1.167205,1.167115,1.16712
20171114  03:55:00,1.16712,1.16731,1.167115,1.16715
20171114  04:00:00,1.16715,1.16718,1.167015,1.16717
20171114  04:05:00,1.16717,1.167255,1.167125,1.167215
20171114  04:10:00,1.167215,1.167315,1.167205,1.167265
20171114  04:15:00,1.167265,1.167315,1.16716,1.1673
20171114  04:20:00,1.1673,1.16731,1.167275,1.167305
20171114  04:25:00,1.167305,1.16737,1.16727,1.167365
20171114  04:30:00,1.167365,1.16743,1.167365,1.167405
20171114  04:35:00,1.167405,1.16741,1.167315,1.167315
20171114  04:40:00,1.167315,1.16736,1.167295,1.167345
20171114  04:45:00,1.167345,1.16738,1.16726,1.1673
20171114  04:50:00,1.1673,1.16735,1.16726,1.16726
20171114  04:55:00,1.16726,1.167325,1.167225,1.167255
20171114  05:00:00,1.167255,1.16726,1.167065,1.167135
20171114  05:05:00,1.167135,1.167195,1.167135,1.167175
20171114  05:10:00,1.167175,1.167265,1.167155,1.167265
20171114  05:15:00,1.167265,1.167495,1.167265,1.167485
20171114  05:20:00,1.167485,1.167615,1.167475,1.167575
20171114  05:25:00,1.167575,1.167645,1.16752,1.16756
20171114  05:30:00,1.16756,1.167565,1.167395,1.167445
20171114  05:35:00,1.167445,1.16747,1.167365,1.167415
20171114  05:40:00,1.167415,1.16748,1.16741,1.167455
20171114  05:45:00,1.167455,1.16748,1.16741,1.167455
20171114  05:50:00,1.167455,1.167485,1.16736,1.167385
20171114  05:55:00,1.167385,1.167495,1.16738,1.1674
20171114  06:00:00,1.1674,1.16747,1.167355,1.16736
20171114  06:05:00,1.16736,1.16736,1.16726,1.16727
20171114  06:10:00,1.16727,1.167385,1.167225,1.16724
20171114  06:15:00,1.16724,1.167295,1.16711,1.16711
20171114  06:20:00,1.16711,1.16714,1.166985,1.167075
20171114  06:25:00,1.167075,1.167285,1.16701,1.16727
20171114  06:30:00,1.16727,1.16735,1.167155,1.167295
20171114  06:35:00,1.167295,1.167295,1.166855,1.16697
20171114  06:40:00,1.16697,1.167055,1.166915,1.166945
20171114  06:45:00,1.166945,1.166945,1.16682,1.166825
20171114  06:50:00,1.166825,1.16687,1.166745,1.16678
20171114  06:55:00,1.16678,1.166795,1.16647,1.16651
20171114  07:00:00,1.16651,1.167085,1.166505,1.167025
20171114  07:05:00,1.167025,1.167475,1.167005,1.16727
20171114  07:10:00,1.16727,1.167455,1.16713,1.167445
20171114  07:15:00,1.167445,1.16844,1.167185,1.16806
20171114  07:20:00,1.16806,1.169,1.167975,1.16895
20171114  07:25:00,1.16895,1.169015,1.16855,1.168615
20171114  07:30:00,1.168615,1.169375,1.168525,1.16923
20171114  07:35:00,1.16923,1.16955,1.168975,1.16937
20171114  07:40:00,1.16937,1.16953,1.1691,1.169265
20171114  07:45:00,1.169265,1.169595,1.169145,1.169255
20171114  07:50:00,1.169255,1.16928,1.16893,1.169045
20171114  07:55:00,1.169045,1.16919,1.168875,1.168955
20171114  08:00:00,1.168955,1.169125,1.16882,1.16887
20171114  08:05:00,1.16887,1.16887,1.168495,1.168615
20171114  08:10:00,1.168615,1.168935,1.16861,1.168815
20171114  08:15:00,1.168815,1.169625,1.16873,1.169505
20171114  08:20:00,1.169505,1.170025,1.169495,1.16964
20171114  08:25:00,1.16964,1.16967,1.16934,1.16951
20171114  08:30:00,1.16951,1.169965,1.169285,1.169945
20171114  08:35:00,1.169945,1.170295,1.169845,1.169875
20171114  08:40:00,1.169875,1.170005,1.16967,1.16969
20171114  08:45:00,1.16969,1.16988,1.169675,1.169825
20171114  08:50:00,1.169825,1.170885,1.169825,1.170565
20171114  08:55:00,1.170565,1.171,1.170415,1.17099
20171114  09:00:00,1.17099,1.171075,1.170515,1.17055
20171114  09:05:00,1.17055,1.17083,1.170475,1.170615
20171114  09:10:00,1.170615,1.170815,1.170555,1.170715
20171114  09:15:00,1.170715,1.170715,1.170315,1.170425
20171114  09:20:00,1.170425,1.170605,1.170325,1.17052
20171114  09:25:00,1.17052,1.17078,1.17047,1.17077
20171114  09:30:00,1.17077,1.170825,1.170545,1.170565
20171114  09:35:00,1.170565,1.172005,1.17052,1.171725
20171114  09:40:00,1.171725,1.171725,1.17145,1.171555
20171114  09:45:00,1.171555,1.171835,1.17146,1.171785
20171114  09:50:00,1.171785,1.171865,1.171605,1.171715
20171114  09:55:00,1.171715,1.171945,1.171695,1.171815
20171114  10:00:00,1.171815,1.17191,1.1713,1.171615
20171114  10:05:00,1.171615,1.171835,1.17141,1.171805
20171114  10:10:00,1.171805,1.17181,1.17144,1.171635
20171114  10:15:00,1.171635,1.17169,1.17147,1.17155
20171114  10:20:00,1.17155,1.172545,1.171505,1.172125
20171114  10:25:00,1.172125,1.172185,1.171985,1.17201
20171114  10:30:00,1.17201,1.172455,1.17201,1.172215
20171114  10:35:00,1.172215,1.172225,1.172,1.1721
20171114  10:40:00,1.1721,1.172255,1.171995,1.17201
20171114  10:45:00,1.17201,1.172055,1.171405,1.171495
20171114  10:50:00,1.171495,1.171765,1.17137,1.17163
20171114  10:55:00,1.17163,1.17185,1.171615,1.17172
20171114  11:00:00,1.17172,1.17192,1.171625,1.171885
20171114  11:05:00,1.171885,1.171915,1.171765,1.17179
20171114  11:10:00,1.17179,1.171935,1.171745,1.17184
20171114  11:15:00,1.17184,1.171975,1.17184,1.171935
20171114  11:20:00,1.171935,1.172445,1.171915,1.172365
20171114  11:25:00,1.172365,1.17239,1.172185,1.1723
20171114  11:30:00,1.1723,1.172465,1.1723,1.172415
20171114  11:35:00,1.172415,1.17269,1.17235,1.17251
20171114  11:40:00,1.17251,1.172795,1.17251,1.172635
20171114  11:45:00,1.172635,1.172645,1.172385,1.172495
20171114  11:50:00,1.172495,1.172515,1.172405,1.172435
20171114  11:55:00,1.172435,1.172495,1.17233,1.17238
20171114  12:00:00,1.17238,1.172545,1.17225,1.17245
20171114  12:05:00,1.17245,1.17266,1.17245,1.172515
20171114  12:10:00,1.172515,1.172855,1.17245,1.172705
20171114  12:15:00,1.172705,1.172985,1.172655,1.172885
20171114  12:20:00,1.172885,1.172975,1.1728,1.17289
20171114  12:25:00,1.17289,1.172995,1.172855,1.172955
20171114  12:30:00,1.172955,1.174465,1.172925,1.174185
20171114  12:35:00,1.174185,1.174475,1.17411,1.174165
20171114  12:40:00,1.174165,1.17461,1.174115,1.174425
20171114  12:45:00,1.174425,1.17464,1.1744,1.174435
20171114  12:50:00,1.174435,1.17447,1.174245,1.17429
20171114  12:55:00,1.17429,1.174675,1.17428,1.174665
20171114  13:00:00,1.174665,1.174705,1.17446,1.174565
20171114  13:05:00,1.174565,1.174585,1.174335,1.174335
20171114  13:10:00,1.174335,1.174535,1.174245,1.174475
20171114  13:15:00,1.174475,1.174995,1.174415,1.174745
20171114  13:20:00,1.174745,1.174745,1.17455,1.174725
20171114  13:25:00,1.174725,1.174995,1.174705,1.174805
20171114  13:30:00,1.174805,1.174805,1.173885,1.174575
20171114  13:35:00,1.174575,1.176025,1.174465,1.175715
20171114  13:40:00,1.175715,1.1764,1.175515,1.176125
20171114  13:45:00,1.176125,1.176125,1.17543,1.175495
20171114  13:50:00,1.175495,1.175745,1.175035,1.17516
20171114  13:55:00,1.17516,1.175295,1.17497,1.17519
20171114  14:00:00,1.17519,1.17552,1.175125,1.175235
20171114  14:05:00,1.175235,1.17539,1.174945,1.17526
20171114  14:10:00,1.17526,1.175375,1.174965,1.17534
20171114  14:15:00,1.17534,1.175895,1.17534,1.175775
20171114  14:20:00,1.175775,1.17582,1.175515,1.175695
20171114  14:25:00,1.175695,1.175975,1.175615,1.175635
20171114  14:30:00,1.175635,1.175675,1.175065,1.17514
20171114  14:35:00,1.17514,1.17534,1.17491,1.174955
20171114  14:40:00,1.174955,1.17499,1.174615,1.17466
20171114  14:45:00,1.17466,1.174815,1.17451,1.174755
20171114  14:50:00,1.174755,1.175105,1.174755,1.175075
20171114  14:55:00,1.175075,1.17534,1.174935,1.175165
20171114  15:00:00,1.175165,1.17551,1.174945,1.17516
20171114  15:05:00,1.17516,1.17549,1.175035,1.175235
20171114  15:10:00,1.175235,1.175365,1.174625,1.174795
20171114  15:15:00,1.174795,1.174985,1.17446,1.174485
20171114  15:20:00,1.174485,1.17517,1.174485,1.175165
20171114  15:25:00,1.175165,1.175605,1.17516,1.175515
20171114  15:30:00,1.175515,1.17587,1.175505,1.175635
20171114  15:35:00,1.175635,1.175745,1.174955,1.174975
20171114  15:40:00,1.174975,1.175435,1.174975,1.175395
20171114  15:45:00,1.175395,1.175555,1.17525,1.175435
20171114  15:50:00,1.175435,1.175695,1.175215,1.175305
20171114  15:55:00,1.175305,1.175785,1.175255,1.175545
20171114  16:00:00,1.175545,1.17569,1.175135,1.175465
20171114  16:05:00,1.175465,1.175885,1.175355,1.175865
20171114  16:10:00,1.175865,1.176025,1.175545,1.17572
20171114  16:15:00,1.17572,1.176045,1.17555,1.176005
20171114  16:20:00,1.176005,1.17605,1.175895,1.17598
20171114  16:25:00,1.17598,1.177235,1.17598,1.17697
20171114  16:30:00,1.17697,1.1774,1.176885,1.177395
20171114  16:35:00,1.177395,1.177465,1.17716,1.177335
20171114  16:40:00,1.177335,1.177345,1.17703,1.177255
20171114  16:45:00,1.177255,1.177255,1.17692,1.177055
20171114  16:50:00,1.177055,1.177065,1.176505,1.176575
20171114  16:55:00,1.176575,1.176585,1.17622,1.176325
20171114  17:00:00,1.176325,1.17696,1.176255,1.176925
20171114  17:05:00,1.176925,1.177185,1.176795,1.17718
20171114  17:10:00,1.17718,1.177255,1.176625,1.176695
20171114  17:15:00,1.176695,1.176695,1.17637,1.17648
20171114  17:20:00,1.17648,1.176645,1.176395,1.176435
20171114  17:25:00,1.176435,1.176595,1.176305,1.176595
20171114  17:30:00,1.176595,1.176885,1.17642,1.176785
20171114  17:35:00,1.176785,1.177175,1.176705,1.17689
20171114  17:40:00,1.17689,1.177425,1.17689,1.177305
20171114  17:45:00,1.177305,1.177695,1.17718,1.177665
20171114  17:50:00,1.177665,1.177745,1.177475,1.17768
20171114  17:55:00,1.17768,1.178545,1.17742,1.178155
20171114  18:00:00,1.178155,1.178915,1.178125,1.178855
20171114  18:05:00,1.178855,1.18044,1.178815,1.180435
20171114  18:10:00,1.180435,1.18052,1.17971,1.180125
20171114  18:15:00,1.180125,1.180255,1.179935,1.18005
20171114  18:20:00,1.18005,1.180495,1.17986,1.179975
20171114  18:25:00,1.179975,1.180105,1.179755,1.17979
20171114  18:30:00,1.17979,1.180225,1.17973,1.179885
20171114  18:35:00,1.179885,1.17999,1.1797,1.179885
20171114  18:40:00,1.179885,1.17991,1.179645,1.179695
20171114  18:45:00,1.179695,1.179895,1.17965,1.17988
20171114  18:50:00,1.17988,1.180135,1.17978,1.18005
20171114  18:55:00,1.18005,1.180215,1.18002,1.18003
20171114  19:00:00,1.18003,1.180035,1.179865,1.179865
20171114  19:05:00,1.179865,1.179865,1.179485,1.179525
20171114  19:10:00,1.179525,1.179625,1.179325,1.179445
20171114  19:15:00,1.179445,1.179605,1.17932,1.17955
20171114  19:20:00,1.17955,1.179575,1.17929,1.17947
20171114  19:25:00,1.17947,1.17956,1.179365,1.179515
20171114  19:30:00,1.179515,1.17964,1.179435,1.17959
20171114  19:35:00,1.17959,1.179665,1.179305,1.179665
20171114  19:40:00,1.179665,1.179665,1.179465,1.179555
20171114  19:45:00,1.179555,1.179695,1.179455,1.17947
20171114  19:50:00,1.17947,1.179555,1.179325,1.179335
20171114  19:55:00,1.179335,1.179435,1.179225,1.179415
20171114  20:00:00,1.179415,1.179425,1.179135,1.179225
20171114  20:05:00,1.179225,1.179245,1.179005,1.179035
20171114  20:10:00,1.179035,1.179145,1.178905,1.17909
20171114  20:15:00,1.17909,1.17926,1.17906,1.179205
20171114  20:20:00,1.179205,1.179265,1.17898,1.17902
20171114  20:25:00,1.17902,1.17921,1.17902,1.1792
20171114  20:30:00,1.1792,1.17929,1.17914,1.179265
20171114  20:35:00,1.179265,1.17935,1.179055,1.179255
20171114  20:40:00,1.179255,1.179435,1.179185,1.179425
20171114  20:45:00,1.179425,1.179505,1.179405,1.17942
20171114  20:50:00,1.17942,1.179445,1.179315,1.179325
20171114  20:55:00,1.179325,1.17936,1.17924,1.179295
20171114  21:00:00,1.179295,1.179555,1.179275,1.179515
20171114  21:05:00,1.179515,1.179535,1.179385,1.179385
20171114  21:10:00,1.179385,1.17941,1.179245,1.179315
20171114  21:15:00,1.179315,1.179395,1.1792,1.179215
20171114  21:20:00,1.179215,1.17929,1.179185,1.179285
20171114  21:25:00,1.179285,1.179285,1.179205,1.179205
20171114  21:30:00,1.179205,1.179335,1.179135,1.179315
20171114  21:35:00,1.179315,1.17951,1.179255,1.179505
20171114  21:40:00,1.179505,1.179735,1.179485,1.17959
20171114  21:45:00,1.17959,1.179655,1.17953,1.17964
20171114  21:50:00,1.17964,1.179705,1.17961,1.17964
20171114  21:55:00,1.17964,1.17986,1.179625,1.17977
20171114  22:15:00,1.17991,1.18012,1.179795,1.179925
20171114  22:20:00,1.179925,1.18013,1.17989,1.18008
20171114  22:25:00,1.18008,1.180255,1.179915,1.180115
20171114  22:30:00,1.180115,1.180235,1.179945,1.180085
20171114  22:35:00,1.180085,1.180085,1.179845,1.179945
20171114  22:40:00,1.179945,1.17995,1.17985,1.17985
20171114  22:45:00,1.17985,1.17986,1.17982,1.17983
20171114  22:50:00,1.17983,1.17989,1.179225,1.17988
20171114  22:55:00,1.17988,1.180105,1.17958,1.17981
20171114  23:00:00,1.17981,1.17982,1.179585,1.17965
20171114  23:05:00,1.17965,1.17971,1.179595,1.179635
20171114  23:10:00,1.179635,1.17988,1.17961,1.17973
20171114  23:15:00,1.17973,1.179785,1.1797,1.179755
20171114  23:20:00,1.179755,1.179755,1.179565,1.179655
20171114  23:25:00,1.179655,1.179655,1.179455,1.179465
20171114  23:30:00,1.179465,1.17947,1.179285,1.179285
20171114  23:35:00,1.179285,1.179375,1.17927,1.1793
20171114  23:40:00,1.1793,1.179355,1.17928,1.17928
20171114  23:45:00,1.17928,1.179455,1.17912,1.179235
20171114  23:50:00,1.179235,1.179355,1.179185,1.179235
20171114  23:55:00,1.179235,1.17934,1.179075,1.17908
